5  2020-08-16 23:20:52.049369 1246 1291 1841 1607 \
534024 3.4 3.4 5 5 009 058 104 053 255  2020-08-16 23:20:52.563862 1248 1296 1842 1608 \
534025 3.4 3.4 5 5 009 058 104 053 255  2020-08-16 23:20:53.078572 1255 1301 1844 1612 \
534026 3.4 3.4 5 5 009 058 104 053 255  2020-08-16 23:20:53.593173 1249 1295 1841 1605 \
534027 3.4 3.4 5 5 009 058 104 053 255  2020-08-16 23:20:54.107785 1258 1303 1844 1610 \
534028 3.4 3.4 5 5 009 058 104 053 255  2020-08-16 23:20:54.622393 1246 1303 1839 1610 \
534029 3.4 3.4 5 5 009 058 104 053 255  2020-08-16 23:20:55.137081 1263 1311 1843 1611 \
534030 3.4 3.4 5 5 009 058 104 053 255  2020-08-16 23:20:55.651599 1256 1304 1840 1605 \
534031 3.4 3.4 5 5 009 058 104 053 255  2020-08-16 23:20:56.166321 1262 1311 1842 1610 \
534032 3.4 3.4 5 5 009 058 104 053 255  2020-08-16 23:20:56.680849 1292 1324 1855 1615 \
534033 3.4 3.4 5 5 009 058 104 053 255  2020-08-16 23:20:57.195409 1261 1313 1841 1605 \
534034 3.4 3.4 5 5 009 058 104 053 255  2020-08-16 23:20:57.709939 1267 1317 1841 1608 \
534035 3.4 3.4 5 5 009 058 104 053 255  2020-08-16 23:20:58.224570 1264 1315 1840 1605 \
534036 3.4 3.4 5 5 009 058 104 053 255  2020-08-16 23:20:58.739178 1264 1326 1844 1612 \
534037 3.4 3.4 5 5 009 058 104 053 255  2020-08-16 23:20:59.253762 1267 1321 1843 1607 \
534038 3.4 3.4 5 5 009 058 104 053 255  2020-08-16 23:20:59.768371 1272 1327 1842 1609 \
534039 3.4 3.4 5 5 009 058 104 053 255  2020-08-16 23:21:00.283014 1269 1327 1839 1607 \
534040 3.4 3.4 5 5 009 058 104 053 255  2020-08-16 23:21:00.797677 1275 1333 1843 1611 \
534041 3.4 3.4 5 5 009 058 104 053 255  2020-08-16 23:21:01.312328 1268 1328 1840 1604 \
534042 3.4 3.4 5 5 009 058 104 053 255  2020-08-16 23:21:01.827004 1275 1331 1843 1609 \
534043 3.4 3.4 5 5 009 058 104 053 255  2020-08-16 23:21:02.341507 1273 1340 1839 1609 \
534044 3.4 3.4 5 5 009 058 104 053 255  2020-08-16 23:21:02.856229 1266 1342 1836 1612 \
534045 3.4 3.4 5 5 009 058 104 053 255  2020-08-16 23:21:03.370755 1276 1337 1840 1604 \
534046 3.4 3.4 5 5 009 058 104 053 255  2020-08-16 23:21:03.885435 1271 1338 1838 1604 \
534047 3.4 3.4 5 5 009 058 104 053 255  2020-08-16 23:21:04.399985 1279 1346 1842 1608 \
534048 3.4 3.4 5 5 009